
K =

    0.0352

