
K =

    0.0427

