
K =

    0.0386

