
K =

    0.0370

