
K =

    0.0330

