
K =

    0.0318

