
K =

    0.0342

