
K =

    0.0406

